
A is 2.000000,34.000000,1.000000,3.000000,4.000000,5.000000,77.000000,0.000000,21.000000,8.000000,9.000000,1.000000,2.000000,3.000000,4.000000,5.000000,67.000000,8.000000,9.000000,10.000000,

B is 1.000000,2.000000,3.000000,4.000000,5.000000,6.000000,7.000000,8.000000,9.000000,0.000000,12.000000,34.000000,56.000000,45.000000,31.000000,40.000000,44.000000,67.000000,21.000000,20.000000,

If operation is A+B

C is 3.000000,36.000000,4.000000,7.000000,9.000000,11.000000,84.000000,8.000000,30.000000,8.000000,21.000000,35.000000,58.000000,48.000000,35.000000,45.000000,111.000000,75.000000,30.000000,30.000000,

If operation is A-B

C is 1.000000,32.000000,-2.000000,-1.000000,-1.000000,-1.000000,70.000000,-8.000000,12.000000,8.000000,-3.000000,-33.000000,-54.000000,-42.000000,-27.000000,-35.000000,23.000000,-59.000000,-12.000000,-10.000000,

If operation is B-A

C is -1.000000,-32.000000,2.000000,1.000000,1.000000,1.000000,-70.000000,8.000000,-12.000000,-8.000000,3.000000,33.000000,54.000000,42.000000,27.000000,35.000000,-23.000000,59.000000,12.000000,10.000000,

If operation is A*B

C is 2.000000,68.000000,3.000000,12.000000,20.000000,30.000000,539.000000,0.000000,189.000000,0.000000,108.000000,34.000000,112.000000,135.000000,124.000000,200.000000,2948.000000,536.000000,189.000000,200.000000,

If operation is A/B

C is 2.000000,17.000000,0.333333,0.750000,0.800000,0.833333,11.000000,0.000000,2.333333,inf,0.750000,0.029412,0.035714,0.066667,0.129032,0.125000,1.522727,0.119403,0.428571,0.500000,

If operation is B/A

C is 0.500000,0.058824,3.000000,1.333333,1.250000,1.200000,0.090909,inf,0.428571,0.000000,1.333333,34.000000,28.000000,15.000000,7.750000,8.000000,0.656716,8.375000,2.333333,2.000000,
