INFO: [SIM 2] *************** CSIM start ***************
INFO: [SIM 4] CSIM will launch GCC as the compiler.
   Compiling ../../../../testClusterTrackLinker.cc in debug mode
   Compiling ../../../../ClusterFinder.cc in debug mode
   Compiling ../../../../ClusterTrackLinker.cc in debug mode
   Generating csim.exe
Generated objects: 
tEta	tPhi	cEta	cPhi	objectET
15	3	3	1	447.703
10	1	3	0	755.521
14	3	1	1	450.227
5	2	4	2	913.92
14	1	4	1	672.422
11	3	2	1	833.507
15	0	4	3	972.108
10	1	3	1	441.888
3	0	1	2	457.315
2	3	0	0	426.081
12	3	4	3	506.839
12	1	1	1	392.002
4	0	3	0	597.932
2	2	0	4	811.72
8	0	1	3	53.7374
11	3	3	3	749.505
2	2	0	0	95.6305
7	3	2	3	209.362
2	3	1	4	53.1334
16	0	4	0	128.354
15	2	0	0	4.25733
15	3	1	2	400.699
7	2	0	2	592.757
5	3	2	4	774.712
10	0	3	4	765.009
14	3	4	3	946.66
16	2	2	0	924.144
15	0	3	1	849.102
3	2	1	1	643.958
1	2	1	3	236.751
16	1	2	3	522.432
8	2	4	2	115.886
14	1	0	1	344.087
14	0	3	2	612.246
5	2	0	3	493.02
7	2	3	3	41.8042
3	2	3	3	355.1
12	0	4	3	335.927
4	2	0	1	668.152
11	0	0	1	897.564
10	2	1	3	589.954
5	0	4	0	295.012
5	0	2	4	846.421
13	2	0	3	940.066
13	3	4	4	392.66
13	2	1	4	208.23
14	1	2	0	930.565
14	1	2	4	280.211
4	0	3	3	507.385
10	1	4	3	142.257
3	1	0	0	182.306
5	3	4	3	368.733
13	1	1	1	856.075
10	1	0	0	673.984
11	1	1	1	110.329
7	3	2	1	93.245
Total generated ET = 27910.6
Total deposited ET = 9258
Frok the cluster simulation: 
tEta	tPhi	peakEta	peakPhi	largeClusterET	smallClusterET
1	1	3	3	1	1
1	2	1	3	251	229
1	3	4	0	15	15
2	0	4	4	2	2
2	1	3	2	6	2
2	2	0	4	849	760
2	3	1	3	77	47
3	0	1	2	455	451
3	1	0	0	170	170
3	2	2	2	1006	926
4	0	3	1	1077	591
4	2	0	1	659	641
5	0	2	3	1085	811
5	1	2	0	30	30
5	2	3	2	1350	877
5	3	3	4	1075	1049
6	0	0	0	6	6
6	2	2	2	54	0
6	3	0	3	12	12
7	2	0	2	605	568
7	3	2	2	289	280
8	0	1	3	48	48
8	2	4	2	109	109
9	0	4	4	8	8
9	1	4	0	16	16
9	2	0	2	3	3
Total card ET = 9258
Frok the cluster-track linking simulation: 
LinkedTracks: 
trackEta	trackPhi	trackPT	trackLinkQuality
4614	2792	447	0
3135	872	755	0
4200	2792	450	0
1715	770	913	0
4377	1047	672	0
3372	2792	833	0
4673	523	972	0
3135	1047	441	0
946	349	457	295
591	2617	426	0
3786	3141	506	0
3608	1047	392	0
1360	0	597	0
591	2443	811	295
2425	523	53	295
3431	3141	749	0
591	1745	95	0
2188	3141	209	0
650	3316	53	0
4969	0	128	0
Neutral Clusters: 
clusterEta	clusterPhi	clusterET
473	1396	1
354	2268	229
532	2617	15
828	698	2
769	1221	2
650	3141	47
887	872	170
1005	2094	926
1360	174	591
1183	1919	641
1597	523	811
1597	872	30
1656	2094	877
1656	3316	1049
1774	0	6
1774	3141	12
2070	2094	568
2188	2967	280
2603	2094	109
2898	698	8
2898	872	16
2662	2094	3
INFO: [SIM 1] CSim done with 0 errors.
INFO: [SIM 3] *************** CSIM finish ***************

