INFO: [SIM 2] *************** CSIM start ***************
INFO: [SIM 4] CSIM will launch GCC as the compiler.
   Compiling ../../../../testClusterTrackLinker.cc in debug mode
   Compiling ../../../../ClusterFinder.cc in debug mode
   Compiling ../../../../ClusterTrackLinker.cc in debug mode
   Generating csim.exe
Generated objects: 
tEta	tPhi	cEta	cPhi	objectET
15	3	3	1	447.703
10	1	3	0	755.521
14	3	1	1	450.227
5	2	4	2	913.92
14	1	4	1	672.422
11	3	2	1	833.507
15	0	4	3	972.108
10	1	3	1	441.888
3	0	1	2	457.315
2	3	0	0	426.081
12	3	4	3	506.839
12	1	1	1	392.002
4	0	3	0	597.932
2	2	0	4	811.72
8	0	1	3	53.7374
11	3	3	3	749.505
2	2	0	0	95.6305
7	3	2	3	209.362
2	3	1	4	53.1334
16	0	4	0	128.354
15	2	0	0	4.25733
15	3	1	2	400.699
7	2	0	2	592.757
5	3	2	4	774.712
10	0	3	4	765.009
14	3	4	3	946.66
16	2	2	0	924.144
15	0	3	1	849.102
3	2	1	1	643.958
1	2	1	3	236.751
16	1	2	3	522.432
8	2	4	2	115.886
14	1	0	1	344.087
14	0	3	2	612.246
5	2	0	3	493.02
7	2	3	3	41.8042
3	2	3	3	355.1
12	0	4	3	335.927
4	2	0	1	668.152
11	0	0	1	897.564
10	2	1	3	589.954
5	0	4	0	295.012
5	0	2	4	846.421
13	2	0	3	940.066
13	3	4	4	392.66
13	2	1	4	208.23
14	1	2	0	930.565
14	1	2	4	280.211
4	0	3	3	507.385
10	1	4	3	142.257
3	1	0	0	182.306
5	3	4	3	368.733
13	1	1	1	856.075
10	1	0	0	673.984
11	1	1	1	110.329
7	3	2	1	93.245
12	1	0	4	673.898
8	0	2	2	640.056
6	0	1	3	849.028
16	1	4	0	653.343
0	3	3	1	420.236
14	2	0	2	117.305
12	0	2	4	1009.16
1	1	1	3	96.0797
2	0	0	2	827.705
11	1	0	2	798.828
9	2	1	1	591.943
8	0	3	2	909.164
Total generated ET = 35497.3
Total deposited ET = 31973
Frok the cluster simulation: 
tEta	tPhi	peakEta	peakPhi	largeClusterET	smallClusterET
0	3	3	1	418	418
1	0	4	2	30	30
1	1	1	3	95	94
1	2	1	3	251	229
1	3	4	0	15	15
2	0	0	2	966	964
2	1	3	2	6	2
2	2	0	4	849	760
2	3	1	3	77	47
3	0	1	2	455	451
3	2	2	2	1006	926
4	0	3	1	1077	591
4	2	0	1	659	641
5	0	2	3	1085	811
5	1	2	0	30	30
5	2	3	2	1350	877
5	3	3	4	1075	1049
6	0	1	3	850	844
6	2	2	2	54	0
6	3	0	3	12	12
7	2	0	2	605	568
7	3	2	2	289	280
8	0	3	2	930	906
8	2	4	2	109	109
9	0	4	4	8	8
9	1	4	0	16	16
9	2	1	1	589	588
10	0	3	4	782	733
10	1	1	0	1095	644
10	2	1	3	586	586
11	0	0	1	862	862
11	1	0	2	785	763
11	2	4	0	8	8
11	3	2	2	1556	1481
12	0	2	4	1282	968
12	1	0	3	1042	638
12	2	3	2	49	22
12	3	4	3	486	486
13	0	0	3	12	12
13	1	1	1	862	850
13	2	1	4	222	197
13	3	4	4	389	365
14	0	3	2	640	607
14	1	2	1	2109	904
14	2	0	2	119	110
14	3	3	2	1359	894
15	0	4	2	1754	1680
15	1	0	1	24	24
15	2	0	0	3	3
15	3	2	2	855	792
16	0	3	1	170	118
16	1	3	1	1130	624
16	2	2	0	886	886
Total card ET = 31973
Frok the cluster-track linking simulation: 
LinkedTracks: 
trackEta	trackPhi	trackPT	trackLinkQuality
2714	2792	447	0
1844	872	755	0
2470	2792	450	0
1009	2094	913	0
2575	1047	672	0
1983	2792	833	0
2749	523	972	0
1844	1047	441	0
556	349	457	295
348	2617	426	0
2227	3141	506	295
2122	1047	392	0
800	0	597	0
348	2443	811	295
1426	523	53	0
2018	3141	749	0
348	1745	95	0
1287	3141	209	0
382	3316	53	0
2923	0	128	0
Neutral Clusters: 
clusterEta	clusterPhi	clusterET
104	2792	418
313	349	30
208	1396	94
208	2268	229
313	2617	15
348	349	964
452	1221	2
382	3141	47
591	2094	926
800	174	591
696	1919	641
939	523	811
939	872	30
974	2094	877
974	3316	1049
1078	523	844
1044	3141	12
1218	2094	568
1287	2967	280
1496	349	906
1531	2094	109
1705	698	8
1705	872	16
1600	1919	588
1844	698	733
1774	872	644
1774	2268	586
1914	174	862
1914	1221	763
2053	1745	8
1983	2967	1481
2157	698	968
2088	1396	638
2192	2094	22
2262	523	12
2296	1047	850
2296	2443	197
2401	3316	365
2540	349	607
2505	1047	904
2436	2094	110
2540	2967	894
2749	349	1680
2610	1047	24
2610	1745	3
2679	2967	792
2888	174	118
2888	1047	624
2853	1745	886
INFO: [SIM 1] CSim done with 0 errors.
INFO: [SIM 3] *************** CSIM finish ***************

